28 26 26 26 26 26 26 26 26 26 26 26 26 26 26 26 26 26 26 26 26 26 26 26 26 26 26 26 29 28 26 26 26 26 26 26 26 26 26 26 26 26 26 26 26 26 26 26 26 26 26 26 26 26 26 26 26 26 29 28 26 26 26 26 26 26 26 26 26 26 26 26 26 26 26 26 26 26 26 26 26 26 26 26 26 26 26 26 26 29
24 20 21 21 21 21 22  2  2  2  2  2  2  2  2 47 47 47 47 47 47  2  2  2  2 33 47 47 23 24 47 33  2 47 47 47 47 47 47 47 47 47 47 47 47 47 47 47 47  2  2  2  2  2  2  2  2  2 23 24  2  2  2  2 16 16 16 16 16 16 16 16 16 16 16 16 16 16 16 16 16 16 16 16 16 33 32 32 32 23
24 23 18 18 18 18 30 21 21 21 21 21 21 22 47 47 47 47 47 47 47  2 47 47  2  2  2 47 23 24 47 47  2 47 47 47 47 47 47 47 47 47 47 47 47 47 47 47  2  2  2 42 46 46 43  2  2  2 23 24  2  2  2  2  2  2  2  2 16 16 16 16 16 16 16 16 16 16 16 16 16  2  2  2  2  2 34 34 32 23
24 25 26 29 18 18 18 18 18 18 18 18 19 30 21 21 21 21 21 21 22  2 20 21 21 21 21 22 23 24 47 47  2  2  2  2  2  2  2  2  2  2  2  2  2  2  2  2  2  2 48 41  2  2 45  2  2  2 23 24  2  2  2  2  2  2  2  2  2  2  2  2  2  2  2  2  2  2  2  2  2  2  2  2  2  2 34 34 32 23
24 49 49 25 26 26 29 18 18 18 18 18 19 19 19 19 19 19 19 19 24  2 23 19 19 19 19 24 23 24 47 47 47 47 47  2  2  2  2  2  2  2  2  2  2  2  2  2  2  2  2 41  2 33 45  2  2  2 23 24  2  2  2 16 16 16  2  2  2  2  2  2  2  2  2  2  2  2  2  2  2  2  2  2  2 16 16 16 16 23
24 49 49  2  2  2 23 18 18 18 18 18 18 18 18 18 19 19 19 19 24  2 25 26 26 26 29 24 23 24 20 21 22 47 47  2  2 47 47 47 47  2  2 47 47 47  2  2  2  2  2 38 39 39 40  2  2  2 23 24  2  2 16 16 16 16 16 16 16 16 16 16 16 16 16 16 16 16 16 16 16 16 16 16  2  2 16 16 16 23
24 49 49 49 49  2 25 26 26 26 26 26 26 26 26 26 26 29 18 18 24  2  2  2  2  2 23 24 23 24 23 19 24 47 47  2  2 47 47 47 47  2  2 47 47 47  2  2  2  2  2  2  2  2  2  2  2  2 23 24  2  2 16 16 16 16 16 16 16 16 16 16 16 16 16 16 16 16 16 16 16 16 16 16  2  2  2  2  2 23
24 49 49 49 49  2  2  2 49 49 49 49 49 49 49 49 49 23 18 18 30 21 21 21 22  2 23 24 23 24 23 19 24 47 47  2  2 47 12 10 10 10 10 10 10 10 10 10 10 10 10 10 10 10 10 10 13  2 23 24  2 12 10 10 10 10 10 10 10 10 10 10 10 10 10 10 10 10 10 10 10 10 13  2  2  2  2  2  2 23
24 49 49 49 49 49  2  2 49 49 49 49 49 49 49 49 49 25 26 26 26 26 26 26 27  2 25 27 23 24 23 19 24  2  2  2  2  2  8  3  3  3  3  3  3  3  3  3  3  3  3  3  3  3  3  3  7  2 23 24  2  8  3  3  3  3  3  3  3  3  3  3  3  3  3  3  3  3  3  3  3  3  7  2  2  2  2  2  2 23
24  2  2 12 10 10 13  2  2  2  2  2  2  2 49 49 49 49 49  2  2  2  2  2  2  2  2  2 23 24 23 19 24  2  2  2  2  2  8  3  3  3  3  3  3  3  3  3  3  3  3  3  3  3  3  3  7  2 23 24  2  8  3  3  3  3  3  3  3  3  3  3  3  3  3  3  3  3  3  3  3  3  7  2  2  2  2  2  2 23
24  2  2  8  3  3  7  2  2  2  2  2  2  2  2  2  2  2  2  2  2  2  2  2  2  2  2  2 23 24 23 19 24 47 47 47  2  2 14  5  5  5  5  5  5  5  5  5  5  5  5  6  3  3  4  5 15  2 23 24  2 14  5  5  5  5  5  5  5  5  5  5  5  5  5  5  5  5  5  6  3  3  7  2  2  2  2  2  2 23
24  2  2  8  3  3  7  2  2  2  2  2  2  2 42 46 46 46 46 46 46 46 43  2 49 49 49 49 23 24 23 19 24 47 47 47  2  2 47 47 47 47 47 47 47 47  2  2  2  2  2  8  3  3  7 16 16 16 23 24 16 16 16 16 16 16 16 16  2  2  2  2  2  2  2 20 21 21 22  8  3  3  7  2  2  2  2  2  2 23
24  2  2  8  3  3  7  2  2  2  2  2  2  2 41 42 46 46 46 46 46 43 45  2 49 49 49 49 23 24 23 19 24 47 47 47  2  2  2  2  2  2 47 47 47 47  2  2  2  2  2  8  3  3  7 16 16 16 23 24 16 16 16 16 16 16 16 16  2  2  2 16 16 16  2 23 19 19 24  8  3  3  7  2  2  2  2  2  2 23
24  2  2  8  3  3  7  2  2  2  2  2  2  2 41 41 42 46 46 43  2 45 45  2 49 49 49 49 23 24 23 19 24 47 47 47  2  2  2  2  2  2  2  2  2  2  2  2  2  2  2  8  3  3  7 16 16 16 23 24  2  2  2  2  2  2  2  2  2  2  2  2 16 16 16 23 19 19 24  8  3  3  7  2  2  2 36  2  2 23
24  2  2  8  3  3  7  2  2  2  2  2  2  2 41 41 41 33  1 45  2 45 45  2 49 49 49 49 23 24 23 19 24 20 21 21 21 21 21 21 21 21 21 21 21 22  2  2  2  2  2  8  3  3  7 16 16 16 23 24 16 16 16 16 16 16 16 16  2  2  2 16 16 16  2 25 26 26 27  8  3  3  7  2 16 16 16  2  2 23
24  2  2  8  3  3  7  2  2  2  2  2  2  2 41 41 38 39 39 40  2 45 45  2 49 49 49 49 23 24 23 18 24 25 26 26 26 26 26 26 26 26 26 26 26 27  2  2  2  2  2  8  3  3  7 16 16 16 23 24 16 16 16 16 16 16 16 16  2  2  2  2  2  2  2  2  2  2  2  8  3  3  7  2 16 16 16  2  2 23
24 49 49  8  3  3  7 49 49 49 49  2  2  2 41 41  2  1 49 49 49 45 45  2  2  2  2  2 23 24 23 18 24  2  2  2  2  2  2  2  2  2  2  2  2  2  2  2  2  2  2  8  3  3  7 16 16 16 23 24 16 16 16 16 16 16 16 16  2  2  2  2  2  2  2  2  2  2  2  8  3  3  9 10 10 10 13  2  2 23
24 49 49  8  3  3  7 49 49 49 49  2  2  2 41 38 39 39 39 39 39 40 45  2  2  2  2  2 23 24 23 18 30 21 21 21 21 21 22  2 20 21 21 21 21 21 21 21 21 21 21 22  3  3 20 21 21 22 23 24 20 21 21 21 21 21 22  2  2  2  2  2  2  2  2  2  2  2  2  8  3  3  3  3  3  3  7  2  2 23
24 49 49  8  3  3  7 49 49 49 49  2  2  2 38 39 39 39 39 39 39 39 40  2  2  2  2  2 23 24 25 26 26 26 26 26 26 26 27  2 23 19 19 19 19 19 19 19 19 19 19 24  3  3 23 19 19 24 23 24 23 19 19 19 19 19 24  2  2  1 16 16 16 16 16  1  2  2  2  8  3  3  3  3  3  3  7  2  2 23
24 49 49  8  3  3  7 49 49 49 49  2  2  2  2  2  2  2  2  2  2  2  2  2  2  2  2  2 23 24  2  2  2  2  2  2  2  2  2  2 25 26 26 26 26 26 26 26 26 26 26 27  3  3 25 26 26 27 23 24 25 26 26 26 26 26 27  2  2  1  1  2  1  2  1  1  2  2  2 14  5  5  5  6  3  3  7  2  2 23
30 21 21 22  3  3 20 21 21 21 21 21 21 21 21 21 21 21 21 21 21 21 21 21 21 21 21 21 31 30 21 21 21 21 21 21 21 21 21 21 21 21 21 21 21 21 21 21 21 21 21 22  3  3 20 21 21 21 31 30 21 21 21 21 21 21 21 21 21 21 21 21 21 21 21 21 21 21 21 21 21 21 21 22  3  3 20 21 21 31
28 26 26 27  3  3 25 26 26 26 26 26 26 26 26 26 26 26 26 26 26 26 26 26 26 26 26 26 26 26 26 26 26 26 26 26 26 26 26 26 26 26 26 26 26 26 26 26 26 26 26 27  3  3 25 26 26 26 26 26 26 26 26 26 26 26 26 26 26 26 26 26 26 26 26 26 26 26 26 26 26 26 26 27  3  3 25 26 26 29
24 10 10 11  3  3  9 10 10 10 10 10 10 10 10 10 10 10 10 10 10 10 10 10 10 10 10 10 10 10 10 10 10 10 10 10 10 10 10 10 10 10 10 10 10 10 10 10 10 10 10 11  3  3  9 10 10 10 10 10 10 10 10 10 10 10 10 10 10 10 10 10 10 10 10 10 10 10 10 10 10 10 10 11  3  3  9 10 10 23
24  3  3  3  3  3  3  3  3  3  3  3  3  3  3  3  3  3  3  3  3  3  3  3  3  3  3  3  3  3  3  3  3  3  3  3  3  3  3  3  3  3  3  3  3  3  3  3  3  3  3  3  3  3  3  3  3  3  3  3  3  3  3  3  3  3  3  3  3  3  3  3  3  3  3  3  3  3  3  3  3  3  3  3  3  3  3  3  3 23 
24  5  5  5  5  5  5  5  5  5  5  5  5  5  5  6  3  3  4  5  5  5  5  5  5  5  5  5  5  5  5  5  5  5  5  5  5  5  5  5  5  5  5  5  5  5  5  5  5  5  5  6  3  3  4  5  5  5  5  5  5  5  5  5  5  5  5  5  5  5  6  3  3  4  5  5  5  5  5  5  5  5  5  5  5  5  5  5  5 23
30 21 21 21 21 21 21 21 21 21 21 21 21 21 21 22  3  3 20 21 21 21 21 21 21 21 21 21 21 21 21 21 21 21 21 21 21 21 21 21 21 21 21 21 21 21 21 21 21 21 21 22  3  3 20 21 21 21 21 21 21 21 21 21 21 21 21 21 21 21 22  3  3 20 21 21 21 21 21 21 21 21 21 21 21 21 21 21 21 31
28 26 26 26 26 26 26 26 26 26 26 26 26 26 26 27  3  3 25 26 26 26 26 26 26 26 26 26 29 28 26 26 26 26 26 26 26 26 26 26 26 26 26 26 26 26 26 26 26 26 26 27  3  3 25 26 26 26 29 28 26 26 26 26 26 26 26 26 26 26 27  3  3 25 26 26 26 26 26 26 26 26 26 26 26 26 26 26 26 29 
24  2  2  2  2  2  2  2  2  2  2  2  2  2  2  8  3  3  7  2  2  2  2  2  2  2  2  2 23 24  2  2  2  2  2  2  2  2  2  2  2  2  2  2  2  2  2  2  2  2  2  8  3  3  7  2  2  2 23 24  2  2  2  2  2  2  2  2  2  2 14  5  5 15  2  2  2  2  2  2  2  2  2  2  2  2  2  2  2 23
24  2  2 12 10 10 10 10 10 10 10 10 10 10 10 11  3  3  9 10 10 10 10 10 10 10 10 13 23 24 12 10 10 10 10 10 10 10 10 10 10 10 10 10 10 10 10 10 10 10 10 11  3  3  7  2  2  2 23 24 20 21 22  2 20 21 21 21 21 21 21 21 21 21 21 21 21 21 21 22  2  2  2  2  2  2  2  2  2 23
24  2 16  8  3  3  3  3  3  3  3  3  3  3  3  3  3  3  3  3  3  3  3  3  3  3  3  7 23 24  8  3  3  3  3  3  3  3  3  3  3  3  3  3  3  3  3  3  3  3  3  3  3  3  7  2  2  2 23 24 23 18 24  2 23 18 18 19 19 19 19 19 19 19 19 19 19 19 19 24  2  2  2  2  2  2  2  2  2 23
24  2 16  8  3  3  3  3  3  3  3  3  3  3  3  3  3  3  3  3  3  3  3  3  3  3  3  7 23 24  8  3  3  3  3  3  3  3  3  3  3  3  3  3  3  3  3  3  3  3  3  3  3  3  7  2  2  2 23 24 23 18 24  2 23 18 18 18 18 18 18 18 18 18 18 19 19 19 19 24 16 16 16 16  2  2  2  2  2 23
24  2 16  8  3  3  4  5  5  5  5  5  5  5  5  5  5  5  5  5  5  5  5  5  5  5  5 15 23 24 14  5  5  5  5  5  5  5  5  5  5  5  5  5  5  5  5  5  5  5  5  6  3  3  7  2  2  2 23 24 25 26 27  2 25 26 26 26 26 26 26 26 26 26 26 29 18 18 18 24  2  2  2  2  2  2  2  2  2 23
24  2 16  8  3  3  7 49 49 49  2  2  2  2 16 16  2  2 16 16 16 16 16  2  2  2 33  2 23 24  2  2  2  2  2  2  2  2  2  2  2  2  2  2  2  2  2  2  2  2  2  8  3  3  7 50 50 50 23 24 49  2  2  2  2  2  2  2  2  2  2  2  2  2  2 23 18 18 18 24  2  2  2  2 16 16 16 16 16 23
24  2 16  8  3  3  7 49 49  2  2  2  2  2  2  2  2  2  2  2  2  2  2  2  2  2  2  2 23 24  2  2  2  2  2  2  2  2  2  2  2  2  2  2  2  2  2  2  2  2  2  8  3  3  7 50 50 50 23 24 49  2 49 49 49 49 49 49  2 49 49 49 49 49 49 23 18 19 19 24  2  2  2  2  2  2  2  2  2 23
24  2 16  8  3  3  7 49  2  2  2  2  2  2  2  2  2  2  2  2 16 16 16 16  2  2  2  2 23 24 20 21 21 21 21 22 50 50  2  2 50 50 50 50 50 50 50 50 50 50 50  8  3  3  7 50 50 50 23 24 49  2 49 49  2 49 49 49  2 49 16 16 16 49 49 23 18 19 19 24 16 16 16 16  2  2  2  2  2 23
24  2  2  8  3  3  7  2 16 16 16 16  2  2 16 16 16 16 16 16 16 16 16 16  2  2  2  2 23 24 23 18 18 18 18 24 50 50  2  2 50 50 50 50 50 50 50 50 50 50 50  8  3  3  7 50 50 50 23 24 49  2 49 49  2  2  2  2  2 49  2  2  2 49 49 23 18 19 19 24  2  2  2  2  2  2  2  2  2 23
24  2  2  8  3  3  7  2  2  2  2  2  2  2 16 16 16 16  2  2  2  2  2  2  2  2  2  2 23 24 23 28 26 29 19 24  2  2  2  2  2  2  2  2  2  2  2  2  2  2  2  8  3  3  7 50 50 50 23 24 49  2 49 49 49 49 49  2 49 49  2  2  2 49 49 23 18 19 19 24  2  2  2  2  2 16 16 16  2 23
24  2  2  8  3  3  7  2  2  2  2  2  2  2  2  2 16 16  2  2  2  2  2  2  2  2  2  2 23 24 23 24  2 25 26 27  2  2  2  2  2  2  2  2  2  2  2  2  2  2  2  8  3  3  7 50 50 50 23 24 49  2 49 49 49 49 49  2 49 49  2  2  2 49 49 23 18 19 19 30 21 21 21 21 21 21 21 22  2 23
24  2  2  8  3  3  7  2 20 21 21 21 22  2  2  2  2  2  2 16 16 16 16 16  2  2  2  2 23 24 23 24  2  2  2  2  2 50  2  2 50 50 50 50 50 50 50 50 50 50 50  8  3  3  7 50 50 50 23 24 49 49 49 49  2  2 49  2 49 49  2  2  2 49 49 23 18 19 19 19 19 19 19 19 19 19 19 24  2 23
24  2  2  8  3  3  7  2 23 18 19 19 24  2  2  2  2  2  2 16 16 16 16 16  2  2  2  2 23 24 23 24  2 20 21 22 50 50  2  2 50 50 50 50 50 50 50 50 50 50 50  8  3  3  7 50 50 50 23 24 49  2  2 49  2  2 49  2 49 49  2  2  2 49 49 23 18 18 18 19 19 19 19 19 19 19 19 24  2 23
24  2  2  8  3  3  7  2 23 18 19 19 24  2 16 16 16 16 16 16 16 16 16 16  2  2  2  2 23 24 23 24 33 23 19 24 12 10 10 10 10 10 10 10 10 10 10 10 10 10 10 11  3  3  9 10 10 10 23 24 49  2  2  2  2  2 49  2 49  2  2  2 48 49 49 25 26 26 26 26 26 26 26 29 19 19 19 24  2 23
24  2  2  8  3  3  7  2 25 26 26 26 27  2 16 16 16 16  2  2  2  2  2  2  2  2  2  2 23 24 23 30 21 31 19 24  8  3  3  3  3  3  3  3  3  3  3  3  3  3  3  3  3  3  3  3  3  3 23 24 49  2 49 49 49 49 49  2 49  2  2  2  2  2  2 32 32 32 32 32 32 32 32 23 19 19 19 24  2 23
24  2 17 17 17 17 17 17  2  2  2  2  2  2  2  2  2  2  2  2  2  2  2  2  2  2  2  2 23 24 23 18 19 28 29 24  8  3  3  3  3  3  3  3  3  3  3  3  3  3  3  3  3  3  3  3  3  3 23 24 49  2 49  2  2  2  2  2 49  2  2  2  2  2  2  2  2  2  2  2  2  2  2 25 26 26 26 27  2 23
24  2 17 17 17 17 17 17  2  2  2  2  2  2  2  2  2  2  2  2  2  2  2  2  2  2  2  2 23 24 23 18 19 30 31 24 14  5  5  5  5  5  5  5  5  5  5  5  5  5  5  5  5  5  5  5  5  5 23 24 49  2 49  2 49 49 49 49 49  2  2  2  2  2  2  2  2  2  2  2  2  2  2  2  2  2  2  2  2 23
24  2 17 17 17 17 17 17  2  2  2  2  2  2  2  2  2  2  2  2  2  2  2  2  2  2  2  2 23 24 25 26 26 26 26 27 50  2  2 50 50 50 50 50 50 50 50 50 50 50 50 50 50 50 50 50 50 50 23 24 49  2  2  2  2  2  2  2  2  2  2 33  2  2  2  2  2  2  2  2  2  2  2 20 21 21 21 22  2 23
24  2 17 17 17 17 17 17  2  2  2  2  2  2  2  2  2  2  2  2  2  2  2 16 16 16 16 16 23 24  2  2  2 50 50 50  2  2  2  2  2  2  2  2  2  2  2  2  2  2  2 50 50 50 50 50 50 50 23 24 35 34 35 34 34 34 34 34 34 34 34 34 34 34 34 34 34 34 34 34 34 34  2 23 19 19 19 24  2 23
24  2 17 17 17 17 17 17  2  2  2  2  2  2  2  2  2  2  2  2 16 16 16 16 16 16 16 16 23 24  2  2  2  2  2  2  2  2  2 50 50 50 50 50 50 50 50 50 50 50 50 50 50 50 50 50 50 50 23 24 32 32 32 32 32 32 32 32 32 32 32 32 32 32 32 32 32 32 32 32 32 32 32 25 26 26 26 27  2 23
30 21 21 21 21 21 21 21 21 21 21 21 21 21 21 21 21 21 21 21 21 21 21 21 21 21 21 21 31 30 21 21 21 21 21 21 21 21 21 21 21 21 21 21 21 21 21 21 21 21 21 21 21 21 21 21 21 21 31 30 21 21 21 21 21 21 21 21 21 21 21 21 21 21 21 21 21 21 21 21 21 21 21 21 21 21 21 21 21 31     
